0.00,1018.01
0.08,1018.02
0.17,1018.04
0.25,1018.05
0.33,1018.07
0.42,1018.08
0.50,1018.11
0.58,1018.12
0.67,1018.14
0.75,1018.16
0.83,1018.17
0.92,1018.19
1.00,1018.20
1.08,1018.22
1.17,1018.23
1.25,1018.25
1.33,1018.27
1.42,1018.29
1.50,1018.31
1.58,1018.32
1.67,1018.34
1.75,1018.35
1.83,1018.37
1.92,1018.39
2.00,1018.41
2.08,1018.42
2.17,1018.43
2.25,1018.45
2.33,1018.47
2.42,1018.48
2.50,1018.50
2.58,1018.52
2.67,1018.54
2.75,1018.56
2.83,1018.57
2.92,1018.59
3.00,1018.60
3.08,1018.62
3.17,1018.64
3.25,1018.65
3.33,1018.67
3.42,1018.69
3.50,1018.71
3.58,1018.72
3.67,1018.74
3.75,1018.76
3.83,1018.77
3.92,1018.78
4.00,1018.80
4.08,1018.82
4.17,1018.83
4.25,1018.86
4.33,1018.87
4.42,1018.89
4.50,1018.90
4.58,1018.92
4.67,1018.94
4.75,1018.96
4.83,1018.97
4.92,1018.99
5.00,1019.01
5.08,1019.02
5.17,1019.03
5.25,1019.05
5.33,1019.07
5.42,1019.09
5.50,1019.10
5.58,1019.13
5.67,1019.14
5.75,1019.15
5.83,1019.17
5.92,1019.19
6.00,1019.21
6.08,1019.22
6.17,1019.24
6.25,1019.25
6.33,1019.28
6.42,1019.29
6.50,1019.31
6.58,1019.32
6.67,1019.33
6.75,1019.36
6.83,1019.37
6.92,1019.39
7.00,1019.40
7.08,1019.42
7.17,1019.44
7.25,1019.46
7.33,1019.47
7.42,1019.48
7.50,1019.50
7.58,1019.52
7.67,1019.54
7.75,1019.56
7.83,1019.57
7.92,1019.59
8.00,1019.61
8.08,1019.63
8.17,1019.64
8.25,1019.65
8.33,1019.67
8.42,1019.69
8.50,1019.70
8.58,1019.72
8.67,1019.74
8.75,1019.76
8.83,1019.77
8.92,1019.79
9.00,1019.81
9.08,1019.82
9.17,1019.84
9.25,1019.86
9.33,1019.87
9.42,1019.89
9.50,1019.91
9.58,1019.92
9.67,1019.93
9.75,1019.96
9.83,1019.98
9.92,1019.99
10.00,1020.00
10.08,1020.03
10.17,1020.04
10.25,1020.05
10.33,1020.07
10.42,1020.09
10.50,1020.10
10.58,1020.12
10.67,1020.14
10.75,1020.15
10.83,1020.17
10.92,1020.19
11.00,1020.21
11.08,1020.23
11.17,1020.23
11.25,1020.26
11.33,1020.28
11.42,1020.29
11.50,1020.31
11.58,1020.33
11.67,1020.34
11.75,1020.35
11.83,1020.38
11.92,1020.39
12.00,1020.41
12.08,1020.43
12.17,1020.43
12.25,1020.45
12.33,1020.47
12.42,1020.49
12.50,1020.51
12.58,1020.52
12.67,1020.54
12.75,1020.56
12.83,1020.57
12.92,1020.59
13.00,1020.60
13.08,1020.63
13.17,1020.63
13.25,1020.65
13.33,1020.67
13.42,1020.68
13.50,1020.71
13.58,1020.72
13.67,1020.74
13.75,1020.76
13.83,1020.77
13.92,1020.78
14.00,1020.80
14.08,1020.82
14.17,1020.84
14.25,1020.85
14.33,1020.87
14.42,1020.89
14.50,1020.90
14.58,1020.93
14.67,1020.94
14.75,1020.96
14.83,1020.97
14.92,1020.99
15.00,1021.00
15.08,1021.02
15.17,1021.03
15.25,1021.06
15.33,1021.07
15.42,1021.08
15.50,1021.10
15.58,1021.12
15.67,1021.14
15.75,1021.16
15.83,1021.17
15.92,1021.18
16.00,1021.21
16.08,1021.23
16.17,1021.24
16.25,1021.25
16.33,1021.28
16.42,1021.29
16.50,1021.31
16.58,1021.32
16.67,1021.34
16.75,1021.35
16.83,1021.37
16.92,1021.39
17.00,1021.41
17.08,1021.42
17.17,1021.44
17.25,1021.45
17.33,1021.47
17.42,1021.49
17.50,1021.50
17.58,1021.52
17.67,1021.54
17.75,1021.56
17.83,1021.57
17.92,1021.59
18.00,1021.60
18.08,1021.62
18.17,1021.64
18.25,1021.66
18.33,1021.67
18.42,1021.69
18.50,1021.70
18.58,1021.72
18.67,1021.74
18.75,1021.75
18.83,1021.77
18.92,1021.79
19.00,1021.80
19.08,1021.82
19.17,1021.84
19.25,1021.86
19.33,1021.87
19.42,1021.89
19.50,1021.90
19.58,1021.92
19.67,1021.93
19.75,1021.96
19.83,1021.97
19.92,1021.99
20.00,1022.00
20.08,1022.02
20.17,1022.04
20.25,1022.05
20.33,1022.07
20.42,1022.09
20.50,1022.11
20.58,1022.12
20.67,1022.13
20.75,1022.15
20.83,1022.17
20.92,1022.18
21.00,1022.20
21.08,1022.23
21.17,1022.24
21.25,1022.25
21.33,1022.27
21.42,1022.29
21.50,1022.31
21.58,1022.32
21.67,1022.34
21.75,1022.35
21.83,1022.37
21.92,1022.38
22.00,1022.41
22.08,1022.42
22.17,1022.44
22.25,1022.45
22.33,1022.47
22.42,1022.49
22.50,1022.50
22.58,1022.52
22.67,1022.54
22.75,1022.56
22.83,1022.57
22.92,1022.59
23.00,1022.60
23.08,1022.62
23.17,1022.64
23.25,1022.65
23.33,1022.68
23.42,1022.69
23.50,1022.70
23.58,1022.72
23.67,1022.74
23.75,1022.75
23.83,1022.77
23.92,1022.79
24.00,1022.81
24.08,1022.82
24.17,1022.84
24.25,1022.86
24.33,1022.87
24.42,1022.89
24.50,1022.90
24.58,1022.92
24.67,1022.94
24.75,1022.96
24.83,1022.97
24.92,1022.99
25.00,1023.01
25.08,1023.02
25.17,1023.04
25.25,1023.05
25.33,1023.07
25.42,1023.09
25.50,1023.11
25.58,1023.12
25.67,1023.14
25.75,1023.16
25.83,1023.17
25.92,1023.19
26.00,1023.21
26.08,1023.22
26.17,1023.23
26.25,1023.25
26.33,1023.27
26.42,1023.29
26.50,1023.30
26.58,1023.32
26.67,1023.33
26.75,1023.36
26.83,1023.38
26.92,1023.39
27.00,1023.40
27.08,1023.43
27.17,1023.43
27.25,1023.46
27.33,1023.47
27.42,1023.49
27.50,1023.50
27.58,1023.52
27.67,1023.54
27.75,1023.55
27.83,1023.57
27.92,1023.58
28.00,1023.60
28.08,1023.63
28.17,1023.64
28.25,1023.66
28.33,1023.68
28.42,1023.68
28.50,1023.70
28.58,1023.72
28.67,1023.74
28.75,1023.75
28.83,1023.77
28.92,1023.79
29.00,1023.81
29.08,1023.82
29.17,1023.84
29.25,1023.86
29.33,1023.87
29.42,1023.89
29.50,1023.91
29.58,1023.92
29.67,1023.94
29.75,1023.96
29.83,1023.97
29.92,1023.99
